millis,temp,output
154,19.41,0.00
1152,19.41,72.35
2148,19.45,72.35
3145,19.45,78.28
4143,19.38,78.28
5140,19.45,78.28
6136,19.41,78.28
7134,19.41,72.35
8131,19.45,72.35
9128,19.41,72.35
10125,19.45,72.35
11122,19.41,72.35
12120,19.45,72.35
13117,19.45,78.28
14114,19.45,78.28
15112,19.41,72.35
16108,19.35,72.35
17105,19.24,42.82
18103,19.04,42.82
19100,18.91,0.00
20098,18.94,0.00
21094,18.81,0.00
22091,18.74,0.00
23089,18.64,0.00
24085,18.57,0.00
25082,18.47,0.00
26080,18.43,0.00
27077,18.40,0.00
28073,18.33,0.00
29071,18.33,0.00
30068,18.30,0.00
31066,18.27,0.00
32062,18.27,0.00
33059,18.23,0.00
34057,18.23,0.00
35054,18.23,0.00
36050,18.30,0.00
37048,18.27,0.00
38045,18.30,0.00
39043,18.30,0.00
40039,18.27,0.00
41036,18.37,0.00
42034,18.33,0.00
43031,18.33,0.00
44027,18.40,0.00
45025,18.43,0.00
46022,18.40,0.00
47019,18.43,0.00
48016,18.47,0.00
49013,18.47,0.00
50011,18.50,0.00
51007,18.47,0.00
52004,18.50,0.00
53002,18.54,0.00
53999,18.54,0.00
54995,18.57,0.00
55993,18.64,0.00
56990,18.57,0.00
57988,18.60,0.00
58984,18.60,0.00
59981,18.67,0.00
60979,18.67,0.00
61976,18.81,0.00
62972,18.91,0.00
63970,19.01,0.00
64967,19.04,7.37
65964,19.14,7.37
66961,19.21,36.90
67958,19.21,36.90
68956,19.38,66.46
69953,19.35,66.46
70950,19.45,78.28
71947,19.41,78.28
72944,19.45,78.28
73942,19.51,78.28
74939,19.51,90.10
75936,19.55,90.10
76933,19.58,101.91
77930,19.51,101.91
78927,19.48,84.17
79925,19.45,84.17
80922,19.48,84.17
81920,19.38,84.17
82916,19.28,48.72
83913,19.38,48.72
84911,19.24,42.82
85908,19.14,42.82
86905,19.08,13.30
87902,19.04,13.30
88899,18.97,0.00
89896,18.87,0.00
90894,18.87,0.00
91890,18.84,0.00
92888,18.74,0.00
93885,18.74,0.00
94882,18.67,0.00
95879,18.67,0.00
96876,18.67,0.00
97873,18.70,0.00
98871,18.64,0.00
99867,18.70,0.00
100865,18.67,0.00
101862,18.74,0.00
102859,18.74,0.00
103856,18.77,0.00
104853,18.84,0.00
105850,18.81,0.00
106848,18.87,0.00
107845,18.84,0.00
108841,18.87,0.00
109839,19.01,0.00
110836,19.01,1.44
111834,19.08,1.44
112831,19.08,13.30
113827,18.94,13.30
114825,19.14,25.08
115822,19.18,25.08
116819,19.21,36.90
117817,19.21,36.90
118814,19.24,42.82
119811,19.28,42.82
120808,19.28,48.72
121805,19.41,48.72
122803,19.31,54.64
123800,19.31,54.64
124797,19.35,60.53
125795,19.35,60.53
126792,19.38,66.46
127789,19.35,66.46
128786,19.48,84.17
129783,19.31,84.17
130781,19.28,48.72
131778,19.28,48.72
132775,19.28,48.72
133772,19.18,48.72
134769,19.14,25.08
135767,19.14,25.08
136764,19.04,7.37
137761,19.04,7.37
138759,18.94,0.00
139755,18.94,0.00
140752,18.87,0.00
141750,18.91,0.00
142747,18.81,0.00
143745,18.84,0.00
144741,18.84,0.00
145738,18.84,0.00
146736,18.81,0.00
147733,18.84,0.00
148730,18.87,0.00
149727,18.84,0.00
150724,18.84,0.00
151721,18.94,0.00
152719,18.91,0.00
153715,19.01,0.00
154713,18.97,0.00
155710,19.04,0.00
156707,19.08,13.30
157705,19.01,13.30
158702,19.14,25.08
159698,19.14,25.08
160696,19.14,25.08
161693,19.21,25.08
162691,19.21,36.90
163688,19.24,36.90
164685,19.35,60.53
165682,19.28,60.53
166679,19.31,54.64
167676,19.35,54.64
168674,19.38,66.46
169671,19.41,66.46
170669,19.35,60.53
171666,19.35,60.53
172662,19.35,60.53
173660,19.35,60.53
174657,19.28,48.72
175654,19.24,48.72
176652,19.28,48.72
177649,19.21,48.72
178647,19.14,25.08
179643,19.14,25.08
180640,19.11,19.19
181638,19.04,19.19
182635,19.11,19.19
183632,18.94,19.19
184630,18.94,0.00
185627,18.94,0.00
186624,18.94,0.00
187621,18.91,0.00
188618,18.87,0.00
189616,18.87,0.00
190612,18.91,0.00
191609,18.87,0.00
192607,18.91,0.00
193604,18.91,0.00
194601,18.94,0.00
195598,18.91,0.00
196595,19.01,1.44
197593,18.97,1.44
198590,18.97,0.00
199587,19.08,0.00
200584,19.08,13.30
201581,19.11,13.30
202578,19.11,19.19
203576,19.11,19.19
204573,19.18,31.01
205571,19.21,31.01
206567,19.21,36.90
207564,19.28,36.90
208562,19.28,48.72
209559,19.28,48.72
210556,19.24,42.82
211554,19.35,42.82
212551,19.31,54.64
213548,19.38,54.64
214545,19.35,60.53
215542,19.35,60.53
216540,19.35,60.53
217537,19.31,60.53
218534,19.31,54.64
219532,19.31,54.64
220529,19.28,48.72
221526,19.21,48.72
222523,19.21,36.90
223520,19.18,36.90
224518,19.18,31.01
225515,19.11,31.01
226512,19.08,13.30
227509,19.18,13.30
228506,19.01,1.44
229504,19.01,1.44
230501,19.01,1.44
231498,18.94,1.44
232496,19.08,13.30
233492,18.91,13.30
234489,19.01,1.44
235487,18.87,1.44
236484,18.91,0.00
237481,18.94,0.00
238478,18.91,0.00
239475,18.91,0.00
240473,18.94,0.00
241470,18.97,0.00
242467,19.01,1.44
243464,19.01,1.44
244461,19.04,7.37
245458,19.08,7.37
246456,19.14,25.08
247453,19.11,25.08
248451,19.14,25.08
249447,19.21,25.08
250444,19.21,36.90
251442,19.24,36.90
252439,19.24,42.82
253436,19.41,42.82
254434,19.31,54.64
255431,19.35,54.64
256428,19.35,60.53
257425,19.31,60.53
258422,19.35,60.53
259420,19.28,60.53
260417,19.31,54.64
261414,19.35,54.64
262412,19.31,54.64
263408,19.31,54.64
264406,19.28,48.72
265403,19.24,48.72
266400,19.18,31.01
267398,19.21,31.01
268395,19.14,25.08
269392,19.14,25.08
270389,19.11,19.19
271386,19.04,19.19
272384,19.01,1.44
273381,18.97,1.44
274378,19.01,1.44
275376,18.94,1.44
276372,18.97,0.00
277369,18.91,0.00
278367,18.91,0.00
279364,18.91,0.00
280361,18.87,0.00
281358,18.94,0.00
282355,18.94,0.00
283353,18.97,0.00
284350,19.01,1.44
285346,19.01,1.44
286344,19.04,7.37
287341,19.08,7.37
288338,19.08,13.30
289336,19.11,13.30
290333,19.11,19.19
291330,19.14,19.19
292327,19.18,31.01
293324,19.21,31.01
294322,19.21,36.90
295319,19.24,36.90
296316,19.35,60.53
297314,19.35,60.53
298311,19.41,72.35
299308,19.38,72.35
300305,19.41,72.35
301302,19.38,72.35
302300,19.41,72.35
303297,19.41,72.35
304294,19.35,60.53
305291,19.35,60.53
306288,19.38,66.46
307286,19.28,66.46
308283,19.48,84.17
309280,19.18,84.17
310278,19.24,42.82
311275,19.04,42.82
312272,19.14,25.08
313269,19.08,25.08
314266,18.94,0.00
315264,19.01,0.00
316261,18.87,0.00
317258,18.87,0.00
318255,18.81,0.00
319252,18.74,0.00
320249,18.77,0.00
321247,18.70,0.00
322243,18.74,0.00
323240,18.74,0.00
324238,18.70,0.00
325235,18.70,0.00
326233,18.77,0.00
327229,18.74,0.00
328226,18.77,0.00
329224,18.77,0.00
330221,18.84,0.00
331217,18.84,0.00
332215,18.87,0.00
333212,18.94,0.00
334210,18.94,0.00
335207,19.04,0.00
336203,18.97,0.00
337201,19.08,0.00
338198,19.11,19.19
339195,19.18,19.19
340193,19.11,19.19
341190,19.18,19.19
342187,19.24,42.82
343184,19.21,42.82
344181,19.28,48.72
345179,19.28,48.72
346176,19.31,54.64
347173,19.38,54.64
348171,19.35,60.53
349167,19.35,60.53
350164,19.14,25.08
351162,19.41,25.08
352159,19.35,60.53
353157,19.31,60.53
354154,19.31,54.64
355151,19.31,54.64
356148,19.31,54.64
357145,19.24,54.64
358142,19.24,42.82
359140,19.24,42.82
360137,19.21,36.90
361135,19.21,36.90
362132,18.97,0.00
363128,18.87,0.00
364126,18.77,0.00
365123,18.70,0.00
366120,18.60,0.00
367117,18.57,0.00
368114,18.50,0.00
369112,18.40,0.00
370109,18.40,0.00
371106,18.37,0.00
372103,18.30,0.00
373100,18.30,0.00
374097,18.33,0.00
375095,18.27,0.00
376092,18.33,0.00
377089,18.33,0.00
378086,18.33,0.00
379083,18.37,0.00
380081,18.37,0.00
381077,18.33,0.00
382074,18.37,0.00
383072,18.37,0.00
384069,18.40,0.00
385067,18.47,0.00
386063,18.47,0.00
387060,18.47,0.00
388058,18.43,0.00
389055,18.47,0.00
390051,18.54,0.00
391049,18.54,0.00
392046,18.50,0.00
393043,18.50,0.00
394041,18.57,0.00
395037,18.54,0.00
396035,18.60,0.00
397032,18.67,0.00
398029,18.64,0.00
399026,18.64,0.00
400023,18.64,0.00
401020,18.70,0.00
402018,18.70,0.00
403015,18.70,0.00
404012,18.70,0.00
405009,18.74,0.00
406006,18.77,0.00
407004,18.81,0.00
408000,18.81,0.00
408997,18.77,0.00
409995,18.84,0.00
410992,18.84,0.00
411990,18.87,0.00
412986,18.87,0.00
413983,18.91,0.00
414981,18.91,0.00
415978,18.87,0.00
416974,18.91,0.00
417972,18.91,0.00
418969,18.94,0.00
419966,18.91,0.00
420964,18.97,0.00
421960,19.01,1.44
422958,19.01,1.44
423955,18.97,0.00
424952,19.04,0.00
425950,19.04,7.37
426946,18.97,7.37
427943,19.01,1.44
428941,19.08,1.44
429938,19.04,7.37
430936,19.11,7.37
431932,19.11,19.19
432929,19.08,19.19
433927,19.11,19.19
434924,19.18,19.19
435921,19.08,13.30
436919,19.14,13.30
437916,19.14,25.08
438913,19.11,25.08
439910,19.28,48.72
440907,19.18,48.72
441905,19.18,31.01
442902,19.14,31.01
443899,19.18,31.01
444897,19.08,31.01
445893,19.11,19.19
446891,19.08,19.19
447888,18.97,0.00
448885,19.04,0.00
449883,18.97,0.00
450879,18.94,0.00
451876,18.94,0.00
452874,18.97,0.00
453871,18.91,0.00
454868,18.91,0.00
455865,18.91,0.00
456862,18.87,0.00
457860,18.87,0.00
458857,18.87,0.00
459854,18.87,0.00
460851,18.91,0.00
461848,18.87,0.00
462845,18.91,0.00
463843,18.87,0.00
464839,18.94,0.00
465837,18.91,0.00
466834,19.01,0.00
467831,18.94,0.00
468829,18.94,0.00
469825,19.01,1.44
470822,18.97,1.44
471820,19.04,7.37
472817,18.97,7.37
473815,18.94,0.00
474811,18.97,0.00
475808,19.08,13.30
476806,19.04,13.30
477803,19.11,19.19
478800,19.14,19.19
479798,19.11,19.19
480794,19.14,19.19
481792,19.21,36.90
482789,19.11,36.90
483786,19.11,19.19
484784,19.14,19.19
485781,19.11,19.19
486778,19.18,19.19
487775,19.08,13.30
488772,19.01,13.30
489769,19.04,7.37
490767,19.08,7.37
491764,19.04,7.37
492762,19.04,7.37
493758,19.04,7.37
494755,19.01,7.37
495753,19.04,7.37
496750,18.94,7.37
497747,19.01,1.44
498744,18.94,1.44
499741,18.94,0.00
500739,18.97,0.00
501736,18.94,0.00
502733,18.94,0.00
503730,19.01,1.44
504727,18.94,1.44
505724,19.01,1.44
506722,19.08,1.44
507719,18.94,0.00
508716,19.01,0.00
509713,19.01,1.44
510710,19.08,1.44
511708,19.01,1.44
512705,19.04,1.44
513702,19.04,7.37
514699,19.11,7.37
515696,19.04,7.37
516694,19.11,7.37
517691,19.11,19.19
518688,19.08,19.19
519685,19.08,13.30
520682,19.11,13.30
521679,19.14,25.08
522677,19.11,25.08
523674,19.11,19.19
524672,19.18,19.19
525669,19.18,31.01
526665,19.14,31.01
527663,19.14,25.08
528660,19.14,25.08
529657,19.11,19.19
530655,19.11,19.19
531652,19.11,19.19
532649,19.04,19.19
533646,19.08,13.30
534643,19.04,13.30
535641,19.01,1.44
536638,19.04,1.44
537635,19.01,1.44
538633,18.97,1.44
539629,18.94,0.00
540626,18.97,0.00
541624,18.97,0.00
542621,18.91,0.00
543619,19.01,1.44
544615,18.94,1.44
545612,18.91,0.00
546610,18.94,0.00
547607,18.91,0.00
548604,18.94,0.00
549601,18.97,0.00
550598,18.97,0.00
551596,18.97,0.00
552593,19.01,0.00
553589,19.01,1.44
554587,18.97,1.44
555584,19.04,7.37
556581,19.11,7.37
557579,19.11,19.19
558576,19.08,19.19
559572,19.11,19.19
560570,19.08,19.19
561567,19.04,7.37
562565,19.11,7.37
563562,19.14,25.08
564559,19.08,25.08
565556,19.14,25.08
566553,19.11,25.08
567550,19.08,13.30
568548,19.08,13.30
569545,19.08,13.30
570543,19.14,13.30
571540,19.11,19.19
572536,19.08,19.19
573534,19.04,7.37
574531,19.04,7.37
575528,19.01,1.44
576526,19.04,1.44
577523,19.04,7.37
578520,19.01,7.37
579517,19.04,7.37
580514,18.97,7.37
581512,18.97,0.00
582509,19.01,0.00
583505,19.01,1.44
584503,19.01,1.44
585500,19.01,1.44
586498,19.01,1.44
587495,19.08,13.30
588491,19.11,13.30
589489,19.01,1.44
590486,19.01,1.44
591483,19.04,7.37
592481,19.01,7.37
593478,19.01,1.44
594475,19.01,1.44
595472,19.01,1.44
596469,19.14,1.44
597467,19.08,13.30
598464,19.11,13.30
599461,19.01,1.44
600458,19.08,1.44
601455,19.08,13.30
602452,19.11,13.30
603450,19.08,13.30
604447,19.08,13.30
605445,19.14,25.08
606441,19.11,25.08
607438,19.18,31.01
608436,19.14,31.01
609433,19.14,25.08
610430,19.14,25.08
611428,19.11,19.19
612424,19.11,19.19
613422,19.11,19.19
614419,19.14,19.19
615416,19.11,19.19
616414,19.04,19.19
617411,19.18,31.01
618408,19.08,31.01
619406,19.01,1.44
620402,18.97,1.44
621400,18.97,0.00
622397,18.97,0.00
623394,18.97,0.00
624391,18.97,0.00
625388,18.94,0.00
626385,18.94,0.00
627383,18.94,0.00
628380,18.91,0.00
629377,18.87,0.00
630374,18.91,0.00
631371,18.94,0.00
632369,18.94,0.00
633366,18.94,0.00
634362,18.94,0.00
635360,18.97,0.00
636357,18.97,0.00
637355,18.94,0.00
638351,18.97,0.00
639348,18.94,0.00
640346,19.01,0.00
641343,19.04,7.37
642340,19.01,7.37
643337,19.04,7.37
644334,19.08,7.37
645331,19.11,19.19
646329,19.11,19.19
647326,19.11,19.19
648324,19.18,19.19
649320,19.11,19.19
650317,19.14,19.19
651315,19.14,25.08
652312,19.18,25.08
653309,19.14,25.08
654307,19.11,25.08
655304,19.11,19.19
656301,19.11,19.19
657298,19.08,13.30
658295,19.11,13.30
659293,19.11,19.19
660290,19.08,19.19
661287,19.08,13.30
662285,19.14,13.30
663281,19.24,42.82
664279,19.28,42.82
665276,19.31,54.64
666273,19.38,54.64
667271,19.45,78.28
668268,19.45,78.28
669265,19.45,78.28
670262,19.51,78.28
671259,19.45,78.28
672257,19.48,78.28
673254,19.45,78.28
674251,19.51,78.28
675249,19.45,78.28
676246,19.45,78.28
677242,19.35,60.53
678240,19.38,60.53
679237,19.35,60.53
680235,19.28,60.53
681232,19.14,25.08
682229,19.21,25.08
683227,19.14,25.08
684223,19.11,25.08
685220,18.94,0.00
686218,18.97,0.00
687215,18.91,0.00
688212,18.87,0.00
689209,18.84,0.00
690206,18.84,0.00
691204,18.84,0.00
692201,18.77,0.00
693197,18.81,0.00
694195,18.81,0.00
695192,18.77,0.00
696189,18.84,0.00
697187,18.87,0.00
698183,18.87,0.00
699181,18.94,0.00
700178,18.91,0.00
701175,19.01,1.44
702173,19.01,1.44
703169,19.08,13.30
704166,19.08,13.30
705164,19.08,13.30
706161,19.11,13.30
707159,19.18,31.01
708156,19.18,31.01
709153,19.21,36.90
710150,19.28,36.90
711147,19.35,60.53
712144,19.35,60.53
713142,19.45,78.28
714139,19.28,78.28
715137,19.38,66.46
716133,19.38,66.46
717130,19.48,84.17
718128,19.38,84.17
719125,19.38,66.46
720122,19.35,66.46
721120,19.28,48.72
722117,19.21,48.72
723115,19.28,48.72
724111,19.14,48.72
725108,19.11,19.19
726106,19.04,19.19
727103,19.01,1.44
728100,19.04,1.44
729098,18.97,0.00
730094,18.94,0.00
731091,18.84,0.00
732089,18.84,0.00
733086,18.87,0.00
734083,18.77,0.00
735080,18.81,0.00
736077,18.87,0.00
737075,18.84,0.00
738072,18.84,0.00
739068,18.87,0.00
740066,18.94,0.00
741063,18.91,0.00
742061,18.94,0.00
743058,18.97,0.00
744054,19.04,0.00
745052,19.04,7.37
746049,19.24,7.37
747046,19.01,1.44
748043,19.18,1.44
749040,19.18,31.01
750038,19.21,31.01
751035,19.24,42.82
752032,19.31,42.82
753030,19.31,54.64
754027,19.35,54.64
755024,19.38,66.46
756021,19.41,66.46
757018,19.41,72.35
758016,19.38,72.35
759013,19.41,72.35
760010,19.31,72.35
761008,19.48,84.17
762004,19.38,84.17
763001,19.35,60.53
763999,19.21,60.53
764996,19.31,54.64
765993,19.24,54.64
766991,19.24,42.82
767988,19.14,42.82
768986,19.04,7.37
769982,19.11,7.37
770979,18.94,0.00
771977,19.01,0.00
772974,18.94,0.00
773970,18.84,0.00
774968,18.84,0.00
775965,18.81,0.00
776963,18.77,0.00
777960,18.84,0.00
778956,18.81,0.00
779954,18.84,0.00
780951,18.81,0.00
781948,18.87,0.00
782946,18.87,0.00
783942,18.84,0.00
784940,18.91,0.00
785937,18.97,0.00
786934,18.97,0.00
787931,19.08,0.00
788928,19.01,1.44
789925,19.11,1.44
790923,19.11,19.19
791920,19.08,19.19
792918,19.14,25.08
793914,19.21,25.08
794911,19.24,42.82
795909,19.24,42.82
796906,19.28,48.72
797903,19.35,48.72
798901,19.35,60.53
799898,19.41,60.53
800896,19.51,90.10
801892,19.38,90.10
802889,19.41,72.35
803887,19.41,72.35
804884,19.35,60.53
805881,19.31,60.53
806879,19.35,60.53
807875,19.14,60.53
808872,19.28,48.72
809870,19.24,48.72
810867,19.14,25.08
811865,19.18,25.08
812862,19.08,13.30
813859,19.04,13.30
814857,19.04,7.37
815853,18.97,7.37
816850,18.91,0.00
817848,18.91,0.00
818845,18.84,0.00
819842,18.81,0.00
820839,18.87,0.00
821836,18.84,0.00
822834,18.81,0.00
823831,18.84,0.00
824827,18.91,0.00
825825,18.87,0.00
826822,18.91,0.00
827820,18.94,0.00
828817,18.97,0.00
829813,18.97,0.00
830811,18.97,0.00
831808,19.04,0.00
832805,19.11,19.19
833802,19.18,19.19
834799,19.14,25.08
835796,19.18,25.08
836794,19.35,60.53
837791,19.24,60.53
838789,19.24,42.82
839786,19.28,42.82
840783,19.31,54.64
841780,19.35,54.64
842777,19.35,60.53
843774,19.41,60.53
844772,19.38,66.46
845769,19.31,66.46
846767,19.35,60.53
847764,19.48,60.53
848760,19.28,48.72
849758,19.28,48.72
850755,19.21,36.90
851752,19.21,36.90
852750,19.21,36.90
853747,19.08,36.90
854745,19.08,13.30
855741,19.04,13.30
856738,19.04,7.37
857736,19.01,7.37
858733,19.08,13.30
859730,18.97,13.30
860728,18.94,0.00
861724,18.94,0.00
862722,18.94,0.00
863719,18.87,0.00
864716,18.94,0.00
865713,18.91,0.00
866710,18.94,0.00
867707,18.94,0.00
868705,18.94,0.00
869702,18.97,0.00
870699,18.94,0.00
871696,19.04,0.00
872693,19.04,7.37
873691,19.08,7.37
874688,19.11,19.19
875684,19.14,19.19
876682,19.31,54.64
877679,19.24,54.64
878676,19.18,31.01
879674,19.24,31.01
880671,19.38,66.46
881669,19.35,66.46
882665,19.31,54.64
883662,19.31,54.64
884660,19.31,54.64
885657,19.35,54.64
886654,19.38,66.46
887652,19.38,66.46
888649,19.24,42.82
889646,19.28,42.82
890643,19.41,72.35
891640,19.24,72.35
892638,19.21,36.90
893635,19.21,36.90
894632,19.04,7.37
895630,19.14,7.37
896626,19.08,13.30
897624,19.08,13.30
898621,18.97,0.00
899618,19.01,0.00
900616,18.94,0.00
901612,18.91,0.00
902609,18.91,0.00
903607,18.91,0.00
904604,18.91,0.00
905602,18.94,0.00
906598,18.91,0.00
907595,18.97,0.00
908593,18.97,0.00
909590,18.94,0.00
910586,19.01,1.44
911584,19.08,1.44
912581,19.04,7.37
913579,19.08,7.37
914576,19.08,13.30
915573,19.21,13.30
916570,19.21,36.90
917567,19.18,36.90
918564,19.28,48.72
919562,19.35,48.72
920559,19.35,60.53
921556,19.35,60.53
922554,19.38,66.46
923550,19.41,66.46
924548,19.35,60.53
925545,19.45,60.53
926542,19.35,60.53
927540,19.45,60.53
928537,19.38,66.46
929534,19.35,66.46
930531,19.31,54.64
931528,19.31,54.64
932526,19.21,36.90
933523,19.21,36.90
934520,19.14,25.08
935518,19.08,25.08
936515,19.11,19.19
937511,19.08,19.19
938509,19.01,1.44
939506,19.04,1.44
940504,18.94,0.00
941501,18.94,0.00
942498,18.87,0.00
943495,18.94,0.00
944492,18.84,0.00
945489,18.91,0.00
946487,18.87,0.00
947483,18.87,0.00
948481,18.94,0.00
949478,18.97,0.00
950475,18.94,0.00
951473,18.97,0.00
952469,19.01,1.44
953466,19.08,1.44
954464,19.04,7.37
955461,19.18,7.37
956459,19.11,19.19
957455,19.14,19.19
958452,19.21,36.90
959450,19.08,36.90
960447,19.28,48.72
961444,19.41,48.72
962442,19.11,19.19
963439,19.14,19.19
964436,19.21,36.90
965433,19.04,36.90
966430,18.97,0.00
967428,18.91,0.00
968425,18.87,0.00
969422,18.84,0.00
970419,18.84,0.00
971416,18.74,0.00
972413,18.77,0.00
973411,18.70,0.00
974407,18.77,0.00
975405,18.67,0.00
976402,18.70,0.00
977399,18.67,0.00
978397,18.74,0.00
979393,18.67,0.00
980390,18.70,0.00
981388,18.74,0.00
982385,18.67,0.00
983382,18.74,0.00
984379,18.70,0.00
985376,18.77,0.00
986374,18.74,0.00
987371,18.81,0.00
988367,18.77,0.00
989365,18.81,0.00
990362,18.81,0.00
991360,18.87,0.00
992357,18.87,0.00
993353,18.87,0.00
994351,18.87,0.00
995348,18.91,0.00
996345,18.94,0.00
997342,18.91,0.00
998339,19.01,1.44
999336,18.94,1.44
1000334,19.01,1.44
1001331,18.97,1.44
1002329,19.04,7.37
1003325,19.01,7.37
1004322,19.01,1.44
1005320,19.04,1.44
1006317,19.08,13.30
1007314,19.08,13.30
1008312,19.01,1.44
1009309,19.04,1.44
1010306,19.08,13.30
1011303,19.11,13.30
1012300,19.14,25.08
1013298,19.14,25.08
1014295,19.11,19.19
1015292,19.14,19.19
1016290,19.08,13.30
1017287,19.21,13.30
1018285,19.08,13.30
1019281,19.18,13.30
1020278,19.11,19.19
1021276,19.18,19.19
1022273,19.08,13.30
1023270,19.11,13.30
1024268,19.04,7.37
1025265,19.18,7.37
1026263,19.08,13.30
1027260,19.11,13.30
1028257,19.08,13.30
1029254,19.04,13.30
1030251,19.18,31.01
1031248,19.04,31.01
1032246,19.11,19.19
1033243,19.08,19.19
1034241,19.04,7.37
1035238,19.04,7.37
1036235,19.04,7.37
1037232,18.97,7.37
1038229,18.97,0.00
1039226,18.97,0.00
1040224,19.01,1.44
1041221,19.01,1.44
1042219,18.94,0.00
1043215,19.01,0.00
1044212,18.97,0.00
1045210,18.97,0.00
1046207,19.04,7.37
1047204,18.97,7.37
1048202,19.01,1.44
1049199,19.01,1.44
1050195,18.97,0.00
1051193,19.04,0.00
1052190,18.97,0.00
1053188,19.08,0.00
1054185,19.01,1.44
1055182,19.04,1.44
1056179,19.14,25.08
1057176,19.08,25.08
1058173,19.14,25.08
1059171,19.11,25.08
1060168,19.08,13.30
1061166,19.14,13.30
1062163,19.11,19.19
1063160,19.14,19.19
1064158,19.18,31.01
1065154,19.11,31.01
1066151,19.28,48.72
1067149,19.11,48.72
1068146,19.08,13.30
1069144,18.87,13.30
1070141,19.11,19.19
1071138,19.04,19.19
1072136,19.04,7.37
1073133,19.11,7.37
1074130,19.01,1.44
1075127,18.97,1.44
1076124,19.01,1.44
1077122,18.91,1.44
1078119,18.94,0.00
1079116,18.94,0.00
1080114,18.91,0.00
1081110,18.87,0.00
1082107,18.94,0.00
1083105,18.94,0.00
1084102,18.91,0.00
1085100,18.97,0.00
1086097,18.94,0.00
1087093,18.94,0.00
1088091,18.97,0.00
1089088,18.97,0.00
1090085,18.97,0.00
1091083,19.01,0.00
1092080,19.01,1.44
1093076,18.91,1.44
1094074,19.04,7.37
1095071,19.04,7.37
1096069,19.04,7.37
1097066,19.08,7.37
1098063,19.08,13.30
1099061,19.11,13.30
1100057,19.11,19.19
1101054,19.18,19.19
1102052,19.18,31.01
1103049,19.21,31.01
1104047,19.24,42.82
1105044,19.18,42.82
1106041,19.21,36.90
1107039,19.18,36.90
1108036,19.11,19.19
1109033,19.08,19.19
1110030,19.18,31.01
1111027,19.04,31.01
1112025,19.11,19.19
1113022,19.04,19.19
1114019,19.08,13.30
1115017,19.01,13.30
1116014,19.01,1.44
1117011,18.97,1.44
1118009,19.01,1.44
1119005,18.94,1.44
1120003,18.84,0.00
1121000,18.87,0.00
1121997,18.91,0.00
1122995,18.84,0.00
1123992,18.91,0.00
1124988,18.84,0.00
1125986,18.87,0.00
1126983,18.87,0.00
1127981,18.91,0.00
1128978,18.87,0.00
1129975,18.94,0.00
1130972,18.91,0.00
1131969,18.91,0.00
1132966,18.97,0.00
1133964,18.94,0.00
1134961,19.01,0.00
1135959,18.94,0.00
1136955,19.01,0.00
1137952,19.01,1.44
1138950,19.04,1.44
1139947,19.14,25.08
1140944,19.08,25.08
1141942,19.11,19.19
1142939,19.04,19.19
1143936,19.11,19.19
1144933,19.08,19.19
1145930,19.11,19.19
1146928,19.08,19.19
1147925,19.14,25.08
1148922,19.08,25.08
1149920,19.11,19.19
1150917,19.18,19.19
1151915,19.11,19.19
1152911,19.14,19.19
1153908,19.08,13.30
1154906,19.04,13.30
1155903,19.11,19.19
1156900,19.01,19.19
1157898,19.01,1.44
1158895,19.08,1.44
1159892,18.97,0.00
1160890,19.08,0.00
1161886,18.97,0.00
1162884,19.04,0.00
1163881,18.97,0.00
1164878,19.01,0.00
1165876,18.97,0.00
1166872,19.01,0.00
1167869,18.97,0.00
1168867,19.01,0.00
1169864,19.01,1.44
1170862,19.08,1.44
1171859,19.01,1.44
1172856,19.08,1.44
1173853,19.08,13.30
1174850,19.18,13.30
1175847,19.14,25.08
1176845,19.01,25.08
1177842,19.14,25.08
1178840,19.11,25.08
1179837,19.11,19.19
1180834,19.11,19.19
1181832,19.08,13.30
1182828,19.14,13.30
1183825,19.08,13.30
1184823,19.18,13.30
1185820,19.04,7.37
1186818,19.11,7.37
1187815,19.11,19.19
1188812,19.11,19.19
1189810,19.11,19.19
1190807,19.11,19.19
1191804,19.04,7.37
1192801,19.08,7.37
1193798,19.04,7.37
1194796,19.08,7.37
1195793,19.11,19.19
1196790,19.01,19.19
1197788,19.04,7.37
1198785,19.01,7.37
1199781,19.14,25.08