millis,temp,output
154,20.29,0.00
1152,20.22,214.24
2148,20.26,214.24
3145,20.26,220.13
4143,20.26,220.13
5140,20.22,214.24
6137,20.26,214.24
7134,20.26,220.13
8131,20.36,220.13
9128,20.16,202.38
10126,20.29,202.38
11123,20.26,220.13
12121,20.26,220.13
13118,20.26,220.13
14114,20.26,220.13
15112,20.22,214.24
16109,20.22,214.24
17106,20.22,214.24
18104,20.33,214.24
19101,20.09,190.57
20099,19.99,190.57
21096,19.85,149.22
22092,19.75,149.22
23090,19.62,107.81
24087,19.51,107.81
25084,19.35,60.53
26082,19.21,60.53
27079,19.04,7.37
28076,18.84,7.37
29073,18.70,0.00
30070,18.50,0.00
31068,18.33,0.00
32064,18.20,0.00
33061,18.06,0.00
34059,17.93,0.00
35056,17.83,0.00
36052,17.73,0.00
37050,17.59,0.00
38047,17.52,0.00
39044,17.46,0.00
40041,17.46,0.00
41038,17.49,0.00
42036,17.42,0.00
43032,17.46,0.00
44029,17.39,0.00
45027,17.46,0.00
46024,17.39,0.00
47021,17.42,0.00
48018,17.39,0.00
49015,17.46,0.00
50013,17.49,0.00
51009,17.46,0.00
52006,17.49,0.00
53004,17.52,0.00
54001,17.52,0.00
54998,17.59,0.00
55995,17.52,0.00
56992,17.62,0.00
57989,17.66,0.00
58986,17.62,0.00
59983,17.69,0.00
60981,17.76,0.00
61977,17.86,0.00
62974,18.00,0.00
63972,18.03,0.00
64969,18.10,0.00
65966,18.16,0.00
66963,18.27,0.00
67960,18.30,0.00
68958,18.37,0.00
69954,18.43,0.00
70951,18.40,0.00
71949,18.47,0.00
72946,18.57,0.00
73943,18.54,0.00
74940,18.60,0.00
75937,18.60,0.00
76935,18.74,0.00
77931,18.84,0.00
78928,18.87,0.00
79926,18.94,0.00
80922,18.97,0.00
81920,19.08,0.00
82917,19.08,13.30
83914,19.11,13.30
84912,19.18,31.01
85908,19.28,31.01
86905,19.24,42.82
87903,19.28,42.82
88900,19.38,66.46
89897,19.35,66.46
90894,19.38,66.46
91891,19.38,66.46
92889,19.45,78.28
93886,19.78,78.28
94883,19.51,90.10
95880,19.48,90.10
96877,19.48,84.17
97874,19.48,84.17
98872,19.51,90.10
99869,19.68,90.10
100867,19.51,90.10
101863,19.48,90.10
102860,19.48,84.17
103858,19.45,84.17
104855,19.38,66.46
105852,19.41,66.46
106850,19.45,78.28
107846,19.45,78.28
108844,19.41,72.35
109841,19.48,72.35
110838,19.31,54.64
111836,19.31,54.64
112833,19.31,54.64
113830,19.31,54.64
114828,19.21,36.90
115824,19.18,36.90
116822,19.18,31.01
117819,19.14,31.01
118816,19.11,19.19
119814,19.14,19.19
120811,19.14,25.08
121807,18.91,25.08
122805,18.97,0.00
123802,19.01,0.00
124800,18.94,0.00
125797,19.01,0.00
126793,18.94,0.00
127791,18.91,0.00
128788,18.94,0.00
129785,18.94,0.00
130783,18.91,0.00
131779,18.97,0.00
132776,18.97,0.00
133774,18.94,0.00
134771,18.97,0.00
135768,19.01,0.00
136765,19.04,7.37
137762,19.04,7.37
138760,19.08,13.30
139757,19.11,13.30
140754,19.14,25.08
141751,19.18,25.08
142748,19.18,31.01
143746,19.21,31.01
144743,19.24,42.82
145740,19.24,42.82
146738,19.28,48.72
147735,19.28,48.72
148731,19.31,54.64
149729,19.41,54.64
150726,19.38,66.46
151724,19.45,66.46
152721,19.41,72.35
153718,19.38,72.35
154716,19.51,90.10
155712,19.62,90.10
156709,19.65,113.73
157707,19.45,113.73
158704,19.48,84.17
159702,19.48,84.17
160699,19.51,90.10
161696,19.45,90.10
162694,19.48,84.17
163690,19.48,84.17
164687,19.45,78.28
165685,19.45,78.28
166682,19.38,66.46
167680,19.41,66.46
168677,19.31,54.64
169674,19.18,54.64
170671,19.38,66.46
171668,19.31,66.46
172665,19.45,78.28
173663,19.28,78.28
174660,19.18,31.01
175657,19.18,31.01
176655,19.11,19.19
177651,19.14,19.19
178649,19.14,25.08
179646,19.11,25.08
180643,19.04,7.37
181641,19.04,7.37
182638,18.97,0.00
183634,18.94,0.00
184632,18.91,0.00
185629,18.91,0.00
186627,18.87,0.00
187624,18.87,0.00
188620,18.84,0.00
189618,18.84,0.00
190615,18.81,0.00
191612,18.84,0.00
192609,18.87,0.00
193606,18.84,0.00
194604,18.87,0.00
195601,18.91,0.00
196598,18.94,0.00
197595,18.91,0.00
198592,18.94,0.00
199589,18.97,0.00
200587,19.04,7.37
201583,19.08,7.37
202580,19.08,13.30
203578,19.04,13.30
204575,19.18,31.01
205573,19.31,31.01
206570,19.18,31.01
207567,19.28,31.01
208564,19.28,48.72
209561,19.28,48.72
210558,19.38,66.46
211556,19.38,66.46
212553,19.35,60.53
213551,19.45,60.53
214548,19.48,84.17
215544,19.38,84.17
216542,19.51,90.10
217539,19.58,90.10
218536,19.55,96.02
219534,19.48,96.02
220531,19.55,96.02
221529,19.58,96.02
222525,19.55,96.02
223522,19.51,96.02
224520,19.55,96.02
225517,19.58,96.02
226514,19.55,96.02
227512,19.55,96.02
228509,19.38,66.46
229506,19.48,66.46
230503,19.55,96.02
231500,19.41,96.02
232498,19.45,78.28
233495,19.41,78.28
234492,19.35,60.53
235489,19.38,60.53
236486,19.35,60.53
237484,19.31,60.53
238481,19.31,54.64
239478,19.18,54.64
240476,19.21,36.90
241473,19.21,36.90
242470,19.11,19.19
243467,19.04,19.19
244464,19.11,19.19
245462,19.04,19.19
246459,19.01,1.44
247456,18.91,1.44
248454,18.91,0.00
249450,18.87,0.00
250447,18.84,0.00
251445,18.84,0.00
252442,18.77,0.00
253438,18.77,0.00
254436,18.77,0.00
255433,18.81,0.00
256431,18.81,0.00
257428,18.81,0.00
258424,18.81,0.00
259422,18.74,0.00
260419,18.81,0.00
261416,18.81,0.00
262414,18.84,0.00
263410,18.84,0.00
264408,18.87,0.00
265405,18.87,0.00
266402,18.91,0.00
267399,18.94,0.00
268396,19.01,1.44
269393,19.08,1.44
270391,19.08,13.30
271388,19.11,13.30
272386,19.08,13.30
273382,19.08,13.30
274379,19.21,36.90
275377,19.28,36.90
276374,19.24,42.82
277371,19.31,42.82
278369,19.28,48.72
279366,19.35,48.72
280363,19.38,66.46
281360,19.38,66.46
282357,19.41,72.35
283355,19.41,72.35
284352,19.51,90.10
285349,19.45,90.10
286347,19.58,101.91
287343,19.55,101.91
288340,19.62,107.81
289338,19.62,107.81
290335,19.62,107.81
291333,19.65,107.81
292330,19.65,113.73
293327,19.58,113.73
294325,19.65,113.73
295322,19.62,113.73
296320,19.62,107.81
297317,19.65,107.81
298314,19.51,90.10
299311,19.65,90.10
300308,19.55,96.02
301305,19.65,96.02
302303,19.62,107.81
303300,19.48,107.81
304297,19.58,101.91
305295,19.48,101.91
306292,19.38,66.46
307289,19.38,66.46
308286,19.38,66.46
309283,19.48,66.46
310281,19.28,48.72
311278,19.21,48.72
312275,19.21,36.90
313273,19.18,36.90
314269,19.04,7.37
315267,19.04,7.37
316264,18.91,0.00
317261,18.91,0.00
318259,18.87,0.00
319255,18.84,0.00
320252,18.74,0.00
321250,18.70,0.00
322247,18.67,0.00
323244,18.64,0.00
324241,18.67,0.00
325238,18.60,0.00
326236,18.60,0.00
327233,18.64,0.00
328229,18.64,0.00
329227,18.64,0.00
330224,18.60,0.00
331222,18.64,0.00
332219,18.64,0.00
333215,18.67,0.00
334213,18.70,0.00
335210,18.70,0.00
336207,18.74,0.00
337204,18.74,0.00
338201,18.77,0.00
339198,18.81,0.00
340196,18.77,0.00
341193,18.84,0.00
342190,18.91,0.00
343187,18.94,0.00
344184,19.01,1.44
345182,19.01,1.44
346179,19.11,19.19
347175,19.01,19.19
348173,19.11,19.19
349170,19.08,19.19
350168,19.18,31.01
351165,19.18,31.01
352162,19.24,42.82
353160,19.24,42.82
354156,19.41,72.35
355153,19.35,72.35
356151,19.35,60.53
357148,19.38,60.53
358146,19.45,78.28
359143,19.45,78.28
360140,19.45,78.28
361137,19.31,78.28
362134,19.38,66.46
363131,19.11,66.46
364129,19.11,19.19
365126,19.01,19.19
366124,19.08,13.30
367121,19.01,13.30
368117,18.97,0.00
369115,18.84,0.00
370112,18.84,0.00
371109,18.84,0.00
372107,18.70,0.00
373103,18.70,0.00
374100,18.67,0.00
375098,18.57,0.00
376095,18.60,0.00
377092,18.54,0.00
378089,18.57,0.00
379086,18.47,0.00
380084,18.50,0.00
381081,18.47,0.00
382077,18.43,0.00
383075,18.50,0.00
384072,18.43,0.00
385070,18.40,0.00
386066,18.50,0.00
387063,18.47,0.00
388061,18.50,0.00
389058,18.43,0.00
390055,18.50,0.00
391052,18.50,0.00
392049,18.47,0.00
393047,18.54,0.00
394044,18.54,0.00
395040,18.50,0.00
396038,18.54,0.00
397035,18.57,0.00
398032,18.54,0.00
399030,18.60,0.00
400026,18.60,0.00
401024,18.64,0.00
402021,18.64,0.00
403018,18.67,0.00
404015,18.64,0.00
405012,18.67,0.00
406009,18.67,0.00
407007,18.74,0.00
408004,18.70,0.00
409000,18.77,0.00
409998,18.70,0.00
410995,18.77,0.00
411993,18.81,0.00
412989,18.81,0.00
413986,18.81,0.00
414984,18.81,0.00
415981,18.81,0.00
416978,18.91,0.00
417975,18.87,0.00
418972,18.87,0.00
419970,18.87,0.00
420967,18.97,0.00
421964,18.97,0.00
422961,18.97,0.00
423958,18.94,0.00
424955,18.94,0.00
425953,19.01,1.44
426949,18.94,1.44
427947,19.08,13.30
428944,19.04,13.30
429941,19.04,7.37
430939,19.04,7.37
431936,19.18,31.01
432932,19.08,31.01
433930,19.14,25.08
434927,19.14,25.08
435924,19.11,19.19
436922,19.11,19.19
437919,19.18,31.01
438917,19.21,31.01
439913,19.18,31.01
440910,19.21,31.01
441908,19.21,36.90
442905,19.18,36.90
443902,19.18,31.01
444900,19.21,31.01
445897,19.21,36.90
446894,19.21,36.90
447891,19.18,31.01
448888,19.18,31.01
449886,19.18,31.01
450883,19.18,31.01
451880,19.18,31.01
452878,19.18,31.01
453874,19.18,31.01
454872,19.14,31.01
455869,19.11,19.19
456866,19.14,19.19
457864,19.14,25.08
458861,19.11,25.08
459858,19.14,25.08
460855,19.11,25.08
461852,19.01,1.44
462850,19.14,1.44
463847,19.08,13.30
464844,19.01,13.30
465842,19.08,13.30
466838,18.97,13.30
467835,19.04,7.37
468833,18.97,7.37
469830,19.01,1.44
470828,19.01,1.44
471825,18.91,0.00
472821,18.97,0.00
473819,18.94,0.00
474816,18.94,0.00
475813,18.97,0.00
476810,18.91,0.00
477807,18.97,0.00
478804,18.97,0.00
479802,18.97,0.00
480799,18.97,0.00
481796,18.97,0.00
482793,18.97,0.00
483790,18.97,0.00
484788,19.01,0.00
485785,18.97,0.00
486781,19.01,0.00
487779,18.97,0.00
488776,19.04,0.00
489774,19.01,1.44
490770,19.04,1.44
491767,19.11,19.19
492765,18.91,19.19
493762,19.08,13.30
494759,19.24,13.30
495757,19.14,25.08
496754,19.11,25.08
497751,19.24,42.82
498748,19.18,42.82
499745,19.11,19.19
500743,19.18,19.19
501740,19.24,42.82
502737,19.18,42.82
503735,19.18,31.01
504731,19.21,31.01
505729,19.11,19.19
506726,19.18,19.19
507723,19.14,25.08
508721,19.21,25.08
509718,19.14,25.08
510715,19.21,25.08
511712,19.18,31.01
512709,19.24,31.01
513707,19.18,31.01
514704,19.18,31.01
515701,19.14,25.08
516699,19.04,25.08
517696,19.11,19.19
518692,19.11,19.19
519690,19.04,7.37
520687,19.11,7.37
521684,19.11,19.19
522682,19.11,19.19
523679,19.04,7.37
524676,19.21,7.37
525673,19.08,13.30
526670,19.08,13.30
527668,18.97,0.00
528665,19.04,0.00
529661,19.04,7.37
530659,18.97,7.37
531656,19.01,1.44
532654,19.04,1.44
533651,19.04,7.37
534647,19.04,7.37
535645,19.08,13.30
536642,18.97,13.30
537639,18.97,0.00
538637,19.01,0.00
539634,19.04,7.37
540631,18.97,7.37
541628,19.08,13.30
542625,19.08,13.30
543623,19.04,7.37
544620,18.97,7.37
545617,19.01,1.44
546614,19.11,1.44
547611,19.14,25.08
548609,19.04,25.08
549606,19.08,13.30
550603,19.11,13.30
551601,19.11,19.19
552597,19.08,19.19
553594,19.11,19.19
554592,19.14,19.19
555589,19.11,19.19
556587,19.18,19.19
557584,19.08,13.30
558581,19.21,13.30
559578,19.14,25.08
560575,19.08,25.08
561572,19.21,36.90
562570,19.24,36.90
563567,19.14,25.08
564564,19.08,25.08
565562,19.28,48.72
566558,19.18,48.72
567556,19.21,36.90
568553,19.14,36.90
569550,19.18,31.01
570548,19.14,31.01
571545,19.21,36.90
572541,19.14,36.90
573539,19.18,31.01
574536,18.97,31.01
575534,19.14,25.08
576531,19.11,25.08
577528,19.14,25.08
578526,19.18,25.08
579523,19.08,13.30
580519,19.14,13.30
581517,19.11,19.19
582514,19.11,19.19
583512,19.18,31.01
584509,19.01,31.01
585506,19.01,1.44
586503,19.04,1.44
587500,19.01,1.44
588497,19.04,1.44
589495,19.01,1.44
590492,18.91,1.44
591489,19.01,1.44
592486,18.94,1.44
593483,19.01,1.44
594481,18.87,1.44
595478,19.01,1.44
596475,18.91,1.44
597472,18.91,0.00
598469,18.97,0.00
599467,18.91,0.00
600464,18.94,0.00
601461,18.97,0.00
602458,18.97,0.00
603455,18.97,0.00
604452,18.97,0.00
605450,19.01,1.44
606446,18.97,1.44
607443,19.01,1.44
608441,19.04,1.44
609438,19.04,7.37
610436,19.11,7.37
611433,19.01,1.44
612429,19.04,1.44
613427,19.04,7.37
614424,19.08,7.37
615421,19.11,19.19
616419,19.14,19.19
617415,19.18,31.01
618413,19.04,31.01
619410,19.08,13.30
620407,19.24,13.30
621405,19.18,31.01
622402,19.24,31.01
623399,19.21,36.90
624396,19.14,36.90
625393,19.21,36.90
626391,19.21,36.90
627388,19.14,25.08
628385,19.21,25.08
629383,19.18,31.01
630380,19.18,31.01
631376,19.21,36.90
632374,19.24,36.90
633371,19.24,42.82
634369,19.18,42.82
635366,19.18,31.01
636363,19.28,31.01
637361,19.18,31.01
638357,19.14,31.01
639354,19.18,31.01
640352,19.14,31.01
641349,19.24,42.82
642347,19.21,42.82
643344,19.14,25.08
644341,19.14,25.08
645338,19.08,13.30
646335,19.04,13.30
647332,19.11,19.19
648330,19.11,19.19
649327,19.08,13.30
650324,19.08,13.30
651322,19.08,13.30
652318,19.08,13.30
653316,19.04,7.37
654313,18.97,7.37
655310,18.91,0.00
656308,18.97,0.00
657304,18.97,0.00
658301,18.94,0.00
659299,18.97,0.00
660296,18.97,0.00
661294,18.94,0.00
662290,19.18,0.00
663287,19.35,60.53
664285,19.35,60.53
665282,19.48,84.17
666279,19.51,84.17
667277,19.58,101.91
668273,19.45,101.91
669271,19.68,119.66
670268,19.68,119.66
671265,19.78,137.37
672263,19.75,137.37
673260,19.82,143.29
674257,19.89,143.29
675255,19.82,143.29
676252,19.85,143.29
677250,19.89,155.11
678246,19.95,155.11
679243,19.92,161.00
680241,19.92,161.00
681238,20.02,178.75
682235,19.99,178.75
683233,19.95,166.93
684230,20.02,166.93
685228,19.95,166.93
686225,19.99,166.93
687222,19.95,166.93
688219,19.92,166.93
689216,19.92,161.00
690213,19.78,161.00
691211,19.89,155.11
692208,19.85,155.11
693206,19.78,137.37
694203,19.75,137.37
695200,19.72,125.55
696198,19.68,125.55
697195,19.68,119.66
698192,19.58,119.66
699189,19.58,101.91
700186,19.51,101.91
701184,19.48,84.17
702181,19.45,84.17
703178,19.35,60.53
704176,19.24,60.53
705173,19.14,25.08
706170,19.18,25.08
707167,18.97,0.00
708164,18.97,0.00
709161,18.87,0.00
710159,18.74,0.00
711156,18.70,0.00
712153,18.57,0.00
713150,18.43,0.00
714147,18.40,0.00
715145,18.33,0.00
716141,18.23,0.00
717138,18.23,0.00
718136,18.16,0.00
719133,18.20,0.00
720131,18.20,0.00
721127,18.16,0.00
722124,18.20,0.00
723122,18.13,0.00
724119,18.20,0.00
725115,18.16,0.00
726113,18.20,0.00
727110,18.23,0.00
728108,18.20,0.00
729105,18.27,0.00
730101,18.27,0.00
731099,18.30,0.00
732096,18.37,0.00
733093,18.37,0.00
734090,18.40,0.00
735087,18.47,0.00
736084,18.47,0.00
737082,18.54,0.00
738079,18.54,0.00
739076,18.54,0.00
740073,18.64,0.00
741070,18.64,0.00
742068,18.67,0.00
743065,18.70,0.00
744061,18.77,0.00
745059,18.77,0.00
746056,18.81,0.00
747054,18.87,0.00
748050,18.91,0.00
749047,18.91,0.00
750045,18.97,0.00
751042,19.01,1.44
752039,19.01,1.44
753036,19.01,1.44
754033,19.08,1.44
755031,19.11,19.19
756028,19.14,19.19
757025,19.08,13.30
758023,19.28,13.30
759020,19.24,42.82
760016,19.24,42.82
761014,19.24,42.82
762011,19.35,42.82
763009,19.51,90.10
764006,19.45,90.10
765003,19.51,90.10
766000,19.51,90.10
766997,19.45,78.28
767994,19.55,78.28
768992,19.58,101.91
769989,19.58,101.91
770987,19.62,107.81
771984,19.62,107.81
772981,19.65,113.73
773979,19.65,113.73
774976,19.62,107.81
775972,19.68,107.81
776970,19.68,119.66
777967,19.78,119.66
778964,19.75,131.48
779962,19.85,131.48
780959,19.75,131.48
781957,19.72,131.48
782954,19.72,125.55
783951,19.68,125.55
784949,19.68,119.66
785946,19.72,119.66
786942,19.72,125.55
787940,19.68,125.55
788937,19.65,113.73
789935,19.65,113.73
790932,19.65,113.73
791929,19.62,113.73
792927,19.58,101.91
793924,19.55,101.91
794921,19.68,119.66
795919,19.45,119.66
796916,19.48,84.17
797913,19.48,84.17
798910,19.41,72.35
799907,19.35,72.35
800905,19.24,42.82
801902,19.24,42.82
802899,19.31,54.64
803897,19.28,54.64
804893,19.18,31.01
805891,19.04,31.01
806888,19.08,13.30
807885,18.91,13.30
808883,18.91,0.00
809880,18.77,0.00
810876,18.67,0.00
811874,18.67,0.00
812871,18.64,0.00
813869,18.54,0.00
814866,18.57,0.00
815862,18.47,0.00
816860,18.43,0.00
817857,18.43,0.00
818854,18.43,0.00
819851,18.37,0.00
820848,18.40,0.00
821846,18.37,0.00
822843,18.37,0.00
823840,18.43,0.00
824837,18.40,0.00
825834,18.50,0.00
826831,18.40,0.00
827829,18.50,0.00
828825,18.47,0.00
829822,18.54,0.00
830820,18.54,0.00
831817,18.60,0.00
832815,18.60,0.00
833811,18.64,0.00
834808,18.64,0.00
835806,18.67,0.00
836803,18.77,0.00
837799,18.74,0.00
838797,18.81,0.00
839794,18.81,0.00
840792,18.84,0.00
841789,18.84,0.00
842785,18.91,0.00
843783,18.97,0.00
844780,18.97,0.00
845777,19.01,0.00
846775,19.01,1.44
847771,19.11,1.44
848769,19.14,25.08
849766,19.24,25.08
850763,19.24,42.82
851761,19.24,42.82
852758,19.24,42.82
853754,19.35,42.82
854752,19.35,60.53
855749,19.38,60.53
856747,19.48,84.17
857744,19.48,84.17
858741,19.48,84.17
859739,19.48,84.17
860735,19.55,96.02
861732,19.55,96.02
862730,19.41,72.35
863727,19.51,72.35
864724,19.62,107.81
865722,19.65,107.81
866719,19.58,101.91
867717,19.62,101.91
868714,19.72,125.55
869710,19.68,125.55
870708,19.68,119.66
871705,19.78,119.66
872702,19.62,107.81
873700,19.72,107.81
874697,19.68,119.66
875695,19.68,119.66
876692,19.72,125.55
877689,19.58,125.55
878687,19.62,107.81
879684,19.65,107.81
880681,19.68,119.66
881678,19.65,119.66
882675,19.65,113.73
883673,19.58,113.73
884670,19.65,113.73
885667,19.51,113.73
886665,19.62,107.81
887662,19.51,107.81
888659,19.48,84.17
889657,19.48,84.17
890654,19.45,78.28
891651,19.41,78.28
892648,19.35,60.53
893645,19.38,60.53
894643,19.31,54.64
895640,19.28,54.64
896637,19.14,25.08
897634,19.08,25.08
898631,19.08,13.30
899629,18.97,13.30
900626,18.97,0.00
901623,18.91,0.00
902621,18.81,0.00
903617,18.81,0.00
904614,18.74,0.00
905612,18.67,0.00
906609,18.64,0.00
907607,18.57,0.00
908603,18.50,0.00
909600,18.57,0.00
910598,18.50,0.00
911595,18.47,0.00
912591,18.47,0.00
913589,18.47,0.00
914586,18.47,0.00
915584,18.47,0.00
916581,18.47,0.00
917577,18.47,0.00
918575,18.54,0.00
919572,18.54,0.00
920569,18.54,0.00
921567,18.60,0.00
922563,18.57,0.00
923560,18.64,0.00
924558,18.64,0.00
925555,18.67,0.00
926552,18.74,0.00
927549,18.74,0.00
928546,18.77,0.00
929544,18.84,0.00
930541,18.81,0.00
931537,18.84,0.00
932535,18.91,0.00
933532,18.87,0.00
934530,18.91,0.00
935526,19.01,0.00
936523,19.01,1.44
937521,19.04,1.44
938518,19.04,7.37
939515,19.04,7.37
940513,19.11,19.19
941509,19.21,19.19
942507,19.21,36.90
943504,19.24,36.90
944501,19.24,42.82
945499,19.28,42.82
946496,19.38,66.46
947492,19.24,66.46
948490,19.38,66.46
949487,19.41,66.46
950484,19.45,78.28
951482,19.48,78.28
952479,19.51,90.10
953477,19.51,90.10
954474,19.45,78.28
955470,19.62,78.28
956468,19.65,113.73
957465,19.62,113.73
958462,19.72,125.55
959460,19.65,125.55
960457,19.62,107.81
961455,19.65,107.81
962452,19.48,84.17
963449,19.31,84.17
964446,19.28,48.72
965443,19.18,48.72
966440,18.97,0.00
967438,19.04,0.00
968435,18.97,0.00
969432,18.91,0.00
970429,18.81,0.00
971426,18.70,0.00
972424,18.57,0.00
973421,18.54,0.00
974417,18.40,0.00
975415,18.37,0.00
976412,18.37,0.00
977410,18.30,0.00
978407,18.23,0.00
979403,18.23,0.00
980401,18.27,0.00
981398,18.20,0.00
982395,18.16,0.00
983392,18.20,0.00
984389,18.16,0.00
985387,18.16,0.00
986384,18.13,0.00
987380,18.13,0.00
988378,18.16,0.00
989375,18.13,0.00
990372,18.20,0.00
991370,18.23,0.00
992366,18.27,0.00
993363,18.27,0.00
994361,18.23,0.00
995358,18.20,0.00
996356,18.30,0.00
997352,18.30,0.00
998349,18.33,0.00
999347,18.33,0.00
1000344,18.37,0.00
1001340,18.33,0.00
1002338,18.40,0.00
1003335,18.40,0.00
1004333,18.43,0.00
1005330,18.40,0.00
1006327,18.43,0.00
1007324,18.47,0.00
1008321,18.50,0.00
1009318,18.54,0.00
1010316,18.50,0.00
1011313,18.47,0.00
1012311,18.50,0.00
1013307,18.54,0.00
1014304,18.57,0.00
1015302,18.57,0.00
1016299,18.57,0.00
1017296,18.57,0.00
1018294,18.60,0.00
1019290,18.64,0.00
1020288,18.67,0.00
1021285,18.70,0.00
1022282,18.70,0.00
1023280,18.70,0.00
1024276,18.74,0.00
1025273,18.74,0.00
1026271,18.74,0.00
1027268,18.74,0.00
1028265,18.81,0.00
1029263,18.81,0.00
1030259,18.81,0.00
1031257,18.84,0.00
1032254,18.87,0.00
1033251,18.87,0.00
1034249,18.87,0.00
1035245,18.87,0.00
1036242,18.87,0.00
1037240,18.94,0.00
1038237,18.94,0.00
1039235,18.94,0.00
1040232,18.94,0.00
1041228,18.97,0.00
1042226,19.01,1.44
1043223,19.01,1.44
1044220,19.04,7.37
1045218,19.14,7.37
1046215,19.11,19.19
1047213,19.11,19.19
1048210,19.14,25.08
1049206,19.08,25.08
1050204,19.11,19.19
1051201,19.08,19.19
1052198,19.11,19.19
1053196,19.18,19.19
1054193,19.18,31.01
1055191,19.14,31.01
1056188,19.18,31.01
1057185,19.14,31.01
1058183,19.24,42.82
1059179,19.21,42.82
1060176,19.18,31.01
1061174,19.11,31.01
1062171,19.21,36.90
1063169,19.18,36.90
1064166,19.14,25.08
1065163,19.18,25.08
1066161,19.21,36.90
1067158,19.18,36.90
1068155,19.14,25.08
1069152,19.18,25.08
1070149,19.14,25.08
1071147,19.21,25.08
1072144,19.18,31.01
1073141,19.18,31.01
1074139,19.14,25.08
1075136,19.01,25.08
1076133,19.08,13.30
1077131,19.11,13.30
1078127,19.08,13.30
1079124,19.11,13.30
1080122,19.01,1.44
1081119,19.08,1.44
1082117,19.14,25.08
1083114,18.97,25.08
1084111,19.08,13.30
1085109,18.94,13.30
1086106,18.94,0.00
1087102,19.01,0.00
1088100,19.01,1.44
1089097,18.91,1.44
1090095,18.91,0.00
1091092,18.94,0.00
1092089,19.01,1.44
1093086,18.94,1.44
1094083,18.91,0.00
1095080,18.91,0.00
1096078,18.94,0.00
1097075,18.97,0.00
1098073,19.01,1.44
1099069,19.01,1.44
1100066,19.04,7.37
1101064,19.04,7.37
1102061,18.87,0.00
1103058,19.01,0.00
1104056,19.08,13.30
1105053,19.04,13.30
1106050,19.11,19.19
1107047,19.08,19.19
1108044,19.11,19.19
1109042,19.08,19.19
1110039,19.14,25.08
1111036,19.14,25.08
1112034,19.21,36.90
1113031,19.18,36.90
1114029,19.14,25.08
1115026,19.14,25.08
1116022,19.14,25.08
1117020,19.18,25.08
1118017,19.24,42.82
1119014,19.14,42.82
1120012,19.14,25.08
1121009,19.08,25.08
1122007,19.11,19.19
1123004,19.14,19.19
1124001,19.21,36.90
1124999,19.18,36.90
1125995,19.18,31.01
1126992,19.18,31.01
1127990,19.11,19.19
1128987,19.14,19.19
1129985,19.14,25.08
1130982,19.11,25.08
1131979,19.04,7.37
1132977,19.11,7.37
1133974,19.08,13.30
1134970,19.01,13.30
1135968,19.08,13.30
1136965,19.14,13.30
1137963,19.04,7.37
1138960,19.08,7.37
1139957,19.11,19.19
1140955,19.04,19.19
1141952,19.04,7.37
1142949,18.97,7.37
1143946,18.94,0.00
1144943,19.04,0.00
1145940,19.04,7.37
1146938,19.04,7.37
1147935,18.97,0.00
1148933,19.01,0.00
1149929,19.04,7.37
1150926,18.97,7.37
1151924,19.04,7.37
1152921,19.11,7.37
1153918,19.01,1.44
1154916,19.01,1.44
1155913,19.14,25.08
1156910,19.08,25.08
1157907,19.08,13.30
1158904,19.14,13.30
1159902,19.14,25.08
1160899,19.08,25.08
1161896,19.04,7.37
1162894,19.08,7.37
1163891,19.04,7.37
1164888,19.04,7.37
1165885,19.18,31.01
1166882,19.18,31.01
1167880,19.18,31.01
1168877,19.08,31.01
1169874,19.14,25.08
1170872,19.21,25.08
1171869,19.14,25.08
1172867,19.21,25.08
1173864,19.08,13.30
1174860,19.14,13.30
1175858,19.14,25.08
1176855,19.14,25.08
1177852,19.18,31.01
1178850,19.24,31.01
1179847,19.24,42.82
1180845,19.18,42.82
1181842,19.21,36.90
1182839,19.08,36.90
1183836,19.14,25.08
1184833,19.01,25.08
1185830,19.18,31.01
1186828,19.11,31.01
1187825,19.11,19.19
1188823,19.08,19.19
1189820,19.08,13.30
1190817,19.04,13.30
1191815,19.04,7.37
1192812,19.01,7.37
1193808,19.08,13.30
1194806,19.08,13.30
1195803,19.08,13.30
1196801,19.04,13.30
1197798,18.97,0.00
1198795,18.97,0.00
1199793,19.01,1.44
1200789,19.01,1.44
1201786,18.91,0.00
1202784,19.01,0.00
1203781,19.01,1.44
1204779,18.97,1.44
1205776,19.08,13.30