millis,temp,output
154,18.23,0.00
1152,18.20,0.00
2148,18.23,0.00
3145,18.20,0.00
4143,18.23,0.00
5139,18.27,0.00
6136,18.23,0.00
7134,18.16,0.00
8130,18.20,0.00
9127,18.27,0.00
10125,18.27,0.00
11122,18.23,0.00
12119,18.23,0.00
13116,18.23,0.00
14113,18.23,0.00
15111,18.27,0.00
16107,18.27,0.00
17104,18.27,0.00
18102,18.20,0.00
19098,18.23,0.00
20096,18.23,0.00
21093,18.30,0.00
22090,18.27,0.00
23087,18.30,0.00
24084,18.20,0.00
25081,18.27,0.00
26079,18.27,0.00
27075,18.30,0.00
28072,18.27,0.00
29070,18.27,0.00
30067,18.27,0.00
31064,18.30,0.00
32061,18.33,0.00
33058,18.30,0.00
34055,18.30,0.00
35052,18.27,0.00
36049,18.30,0.00
37047,18.33,0.00
38043,18.37,0.00
39041,18.33,0.00
40038,18.33,0.00
41035,18.27,0.00
42032,18.27,0.00
43029,18.30,0.00
44026,18.33,0.00
45024,18.37,0.00
46020,18.37,0.00
47017,18.30,0.00
48015,18.33,0.00
49012,18.33,0.00
50009,18.33,0.00
51006,18.33,0.00
52003,18.33,0.00
53001,18.33,0.00
53997,18.37,0.00
54994,18.33,0.00
55992,18.33,0.00
56988,18.37,0.00
57986,18.40,0.00
58983,18.40,0.00
59980,18.40,0.00
60977,18.47,0.00
61974,18.67,0.00
62971,18.81,0.00
63969,18.84,0.00
64965,18.87,0.00
65963,18.94,0.00
66960,19.01,2.06
67957,19.08,2.06
68954,19.14,35.83
69951,19.14,35.83
70948,19.14,35.83
71946,19.24,35.83
72943,19.24,61.18
73939,19.31,61.18
74937,19.38,94.94
75934,19.35,94.94
76932,19.28,69.59
77929,19.41,69.59
78925,19.48,120.24
79923,19.48,120.24
80920,19.38,94.94
81917,19.45,94.94
82915,19.51,128.71
83912,19.62,128.71
84910,19.68,170.94
85906,19.58,170.94
86903,19.58,145.59
87901,19.55,145.59
88898,19.62,154.01
89895,19.58,154.01
90893,19.65,162.47
91890,19.62,162.47
92887,19.65,162.47
93884,19.65,162.47
94881,19.62,154.01
95879,19.58,154.01
96876,19.65,162.47
97873,19.62,162.47
98871,19.58,145.59
99867,19.48,145.59
100865,19.55,137.18
101862,19.55,137.18
102859,19.38,94.94
103857,19.58,94.94
104854,19.41,103.36
105851,19.51,103.36
106849,19.35,86.48
107845,19.38,86.48
108843,19.35,86.48
109840,19.31,86.48
110837,19.28,69.59
111835,19.31,69.59
112832,19.31,78.06
113829,19.24,78.06
114827,19.14,35.83
115823,19.08,35.83
116820,19.14,35.83
117818,19.11,35.83
118815,19.11,27.41
119813,19.11,27.41
120810,19.11,27.41
121806,19.04,27.41
122804,19.04,10.53
123801,19.11,10.53
124798,18.97,0.00
125796,19.01,0.00
126793,19.01,2.06
127790,19.01,2.06
128787,18.97,0.00
129784,18.97,0.00
130782,18.94,0.00
131779,18.91,0.00
132775,18.91,0.00
133773,18.94,0.00
134770,18.97,0.00
135768,18.97,0.00
136764,18.97,0.00
137761,18.97,0.00
138759,18.97,0.00
139756,19.01,0.00
140753,18.94,0.00
141750,18.94,0.00
142747,18.94,0.00
143745,18.97,0.00
144742,19.04,10.53
145739,19.01,10.53
146736,19.08,19.00
147733,19.08,19.00
148730,19.04,10.53
149728,19.08,10.53
150725,19.11,27.41
151723,19.14,27.41
152720,19.11,27.41
153716,19.11,27.41
154714,19.18,44.30
155711,19.11,44.30
156708,19.21,52.71
157706,19.18,52.71
158703,19.21,52.71
159700,19.24,52.71
160697,19.28,69.59
161694,19.28,69.59
162692,19.24,61.18
163689,19.28,61.18
164686,19.28,69.59
165684,19.28,69.59
166681,19.31,78.06
167677,19.28,78.06
168675,19.35,86.48
169672,19.45,86.48
170670,19.31,78.06
171667,19.41,78.06
172664,19.35,86.48
173662,19.35,86.48
174658,19.38,94.94
175655,19.38,94.94
176653,19.38,94.94
177650,19.31,94.94
178648,19.38,94.94
179645,19.35,94.94
180642,19.31,78.06
181639,19.31,78.06
182636,19.38,94.94
183633,19.31,94.94
184631,19.31,78.06
185628,19.31,78.06
186626,19.21,52.71
187622,19.28,52.71
188619,19.28,69.59
189617,19.31,69.59
190614,19.21,52.71
191611,19.11,52.71
192609,19.24,61.18
193606,19.21,61.18
194604,19.28,69.59
195600,19.14,69.59
196597,19.21,52.71
197595,19.14,52.71
198592,19.18,44.30
199589,19.11,44.30
200587,19.18,44.30
201584,19.08,44.30
202580,19.11,27.41
203578,19.14,27.41
204575,18.97,0.00
205573,19.04,0.00
206570,19.08,19.00
207566,19.01,19.00
208564,19.08,19.00
209561,19.08,19.00
210558,19.01,2.06
211556,19.04,2.06
212553,18.97,0.00
213550,19.01,0.00
214547,19.01,2.06
215544,19.04,2.06
216542,19.01,2.06
217539,19.01,2.06
218535,19.04,10.53
219533,19.04,10.53
220530,19.04,10.53
221528,19.11,10.53
222525,19.11,27.41
223522,19.08,27.41
224520,19.11,27.41
225516,19.18,27.41
226513,19.11,27.41
227511,19.11,27.41
228508,19.18,44.30
229506,19.11,44.30
230503,19.21,52.71
231500,19.14,52.71
232497,19.18,44.30
233494,19.21,44.30
234491,19.21,52.71
235489,19.28,52.71
236486,19.18,44.30
237484,19.24,44.30
238481,19.28,69.59
239477,19.21,69.59
240475,19.28,69.59
241472,19.28,69.59
242469,19.28,69.59
243467,19.31,69.59
244464,19.24,61.18
245462,19.31,61.18
246458,19.28,69.59
247455,19.28,69.59
248453,19.31,78.06
249450,19.24,78.06
250447,19.31,78.06
251445,19.28,78.06
252442,19.31,78.06
253438,19.24,78.06
254436,19.28,69.59
255433,19.28,69.59
256431,19.31,78.06
257428,19.24,78.06
258425,19.31,78.06
259423,19.28,78.06
260419,19.28,69.59
261416,19.28,69.59
262414,19.24,61.18
263411,19.28,61.18
264409,19.24,61.18
265406,19.28,61.18
266403,19.24,61.18
267400,19.31,61.18
268397,19.28,69.59
269394,19.24,69.59
270392,19.24,61.18
271389,19.18,61.18
272387,19.28,69.59
273383,19.18,69.59
274380,19.24,61.18
275378,19.21,61.18
276375,19.18,44.30
277372,19.21,44.30
278370,19.14,35.83
279367,19.14,35.83
280365,19.14,35.83
281361,19.14,35.83
282358,18.97,0.00
283356,19.18,0.00
284353,19.11,27.41
285350,19.11,27.41
286348,19.18,44.30
287344,19.14,44.30
288342,19.08,19.00
289339,19.04,19.00
290336,19.01,2.06
291334,19.11,2.06
292331,19.08,19.00
293327,19.04,19.00
294325,19.04,10.53
295322,19.08,10.53
296320,19.04,10.53
297317,19.04,10.53
298314,19.08,19.00
299311,19.08,19.00
300308,19.21,52.71
301305,19.08,52.71
302303,19.14,35.83
303300,19.18,35.83
304297,19.11,27.41
305295,19.11,27.41
306291,19.11,27.41
307289,19.21,27.41
308286,19.14,35.83
309283,19.21,35.83
310281,19.21,52.71
311278,19.14,52.71
312275,19.28,69.59
313272,19.21,69.59
314269,19.24,61.18
315267,19.24,61.18
316264,19.24,61.18
317261,19.28,61.18
318259,19.21,52.71
319256,19.21,52.71
320253,19.28,69.59
321250,19.24,69.59
322247,19.31,78.06
323245,19.24,78.06
324242,19.28,69.59
325239,19.28,69.59
326237,19.28,69.59
327233,19.24,69.59
328230,19.28,69.59
329228,19.28,69.59
330225,19.31,78.06
331223,19.28,78.06
332220,19.28,69.59
333217,19.21,69.59
334214,19.28,69.59
335211,19.35,69.59
336208,19.24,61.18
337206,19.28,61.18
338203,19.28,69.59
339201,19.24,69.59
340198,19.24,61.18
341194,19.24,61.18
342192,19.28,69.59
343189,19.18,69.59
344186,19.24,61.18
345184,19.18,61.18
346181,19.21,52.71
347179,19.24,52.71
348176,19.18,44.30
349172,19.18,44.30
350170,19.21,52.71
351167,19.18,52.71
352164,19.11,27.41
353162,19.11,27.41
354159,19.11,27.41
355155,19.08,27.41
356153,19.14,35.83
357150,19.18,35.83
358148,19.14,35.83
359145,19.18,35.83
360142,19.08,19.00
361140,19.04,19.00
362137,18.81,0.00
363133,18.70,0.00
364131,18.67,0.00
365128,18.60,0.00
366126,18.54,0.00
367122,18.50,0.00
368119,18.43,0.00
369117,18.37,0.00
370114,18.33,0.00
371111,18.33,0.00
372108,18.30,0.00
373105,18.27,0.00
374103,18.23,0.00
375100,18.20,0.00
376096,18.20,0.00
377094,18.20,0.00
378091,18.23,0.00
379088,18.23,0.00
380086,18.20,0.00
381082,18.16,0.00
382080,18.20,0.00
383077,18.16,0.00
384074,18.16,0.00
385071,18.13,0.00
386068,18.16,0.00
387065,18.13,0.00
388063,18.16,0.00
389060,18.16,0.00
390056,18.16,0.00
391054,18.13,0.00
392051,18.10,0.00
393049,18.10,0.00
394045,18.10,0.00
395042,18.13,0.00
396040,18.10,0.00
397037,18.10,0.00
398034,18.13,0.00
399031,18.16,0.00
400028,18.16,0.00
401026,18.16,0.00
402023,18.16,0.00
403019,18.20,0.00
404017,18.16,0.00
405014,18.16,0.00
406011,18.16,0.00
407009,18.16,0.00
408005,18.16,0.00
409003,18.13,0.00
410000,18.16,0.00
410997,18.16,0.00
411995,18.20,0.00
412991,18.23,0.00
413988,18.23,0.00
414986,18.23,0.00
415983,18.23,0.00
416979,18.20,0.00
417977,18.16,0.00
418974,18.20,0.00
419972,18.27,0.00
420969,18.30,0.00
421965,18.27,0.00
422963,18.27,0.00
423960,18.20,0.00
424957,18.27,0.00
425954,18.30,0.00
426951,18.27,0.00
427949,18.27,0.00
428946,18.23,0.00
429943,18.27,0.00
430940,18.30,0.00
431937,18.33,0.00
432934,18.30,0.00
433932,18.27,0.00
434928,18.33,0.00
435926,18.33,0.00
436923,18.33,0.00
437920,18.33,0.00
438918,18.30,0.00
439914,18.30,0.00
440911,18.33,0.00
441909,18.33,0.00
442906,18.37,0.00
443904,18.37,0.00
444900,18.37,0.00
445897,18.40,0.00
446895,18.40,0.00
447892,18.43,0.00
448888,18.43,0.00
449886,18.40,0.00
450883,18.37,0.00
451880,18.37,0.00
452878,18.40,0.00
453874,18.43,0.00
454872,18.43,0.00
455869,18.43,0.00
456866,18.40,0.00
457863,18.43,0.00
458860,18.47,0.00
459857,18.47,0.00
460855,18.47,0.00
461852,18.43,0.00
462849,18.43,0.00
463846,18.50,0.00
464843,18.47,0.00
465841,18.47,0.00
466837,18.47,0.00
467834,18.54,0.00
468832,18.54,0.00
469829,18.54,0.00
470827,18.50,0.00
471823,18.50,0.00
472820,18.47,0.00
473818,18.47,0.00
474815,18.54,0.00
475812,18.54,0.00
476809,18.57,0.00
477806,18.57,0.00
478803,18.57,0.00
479801,18.60,0.00
480797,18.54,0.00
481795,18.54,0.00
482792,18.50,0.00
483789,18.54,0.00
484787,18.50,0.00
485783,18.60,0.00
486780,18.60,0.00
487778,18.60,0.00
488775,18.60,0.00
489772,18.57,0.00
490769,18.57,0.00
491766,18.60,0.00
492764,18.64,0.00
493761,18.64,0.00
494757,18.60,0.00
495755,18.60,0.00
496752,18.60,0.00
497750,18.60,0.00
498746,18.67,0.00
499743,18.70,0.00
500741,18.70,0.00
501738,18.67,0.00
502735,18.67,0.00
503732,18.64,0.00
504729,18.64,0.00
505726,18.67,0.00
506724,18.70,0.00
507721,18.70,0.00
508718,18.67,0.00
509715,18.64,0.00
510712,18.67,0.00
511710,18.74,0.00
512706,18.70,0.00
513703,18.70,0.00
514701,18.67,0.00
515698,18.70,0.00
516696,18.74,0.00
517692,18.74,0.00
518689,18.70,0.00
519687,18.70,0.00
520684,18.77,0.00
521680,18.77,0.00
522678,18.74,0.00
523675,18.74,0.00
524673,18.74,0.00
525670,18.74,0.00
526666,18.81,0.00
527664,18.77,0.00
528661,18.74,0.00
529658,18.77,0.00
530655,18.84,0.00
531652,18.84,0.00
532649,18.77,0.00
533647,18.74,0.00
534644,18.81,0.00
535641,18.81,0.00
536638,18.84,0.00
537635,18.81,0.00
538633,18.77,0.00
539630,18.77,0.00
540626,18.81,0.00
541624,18.84,0.00
542621,18.87,0.00
543619,18.84,0.00
544615,18.84,0.00
545612,18.84,0.00
546610,18.91,0.00
547607,18.87,0.00
548604,18.84,0.00
549601,18.84,0.00
550598,18.84,0.00
551596,18.84,0.00
552593,18.91,0.00
553590,18.91,0.00
554587,18.91,0.00
555584,18.91,0.00
556581,18.84,0.00
557579,18.84,0.00
558575,18.87,0.00
559572,18.94,0.00
560570,18.91,0.00
561567,18.87,0.00
562565,18.84,0.00
563561,18.87,0.00
564558,18.91,0.00
565556,18.94,0.00
566553,18.94,0.00
567549,18.87,0.00
568547,18.87,0.00
569544,18.94,0.00
570542,18.97,0.00
571539,18.94,0.00
572535,18.94,0.00
573533,18.91,0.00
574530,18.91,0.00
575527,18.94,0.00
576524,18.97,0.00
577521,18.97,0.00
578519,18.97,0.00
579516,18.94,0.00
580513,18.91,0.00
581510,18.97,0.00
582507,18.97,0.00
583504,18.97,0.00
584502,18.97,0.00
585499,18.94,0.00
586496,18.94,0.00
587493,19.01,2.06
588490,19.01,2.06
589488,18.97,0.00
590484,18.97,0.00
591481,18.97,0.00
592479,18.94,0.00
593476,19.04,10.53
594473,19.01,10.53
595471,19.01,2.06
596467,19.04,2.06
597465,19.04,10.53
598462,19.08,10.53
599459,19.08,19.00
600457,19.04,19.00
601454,19.04,10.53
602450,19.01,10.53
603448,19.01,2.06
604445,19.04,2.06
605443,19.01,2.06
606440,18.94,2.06
607437,19.08,19.00
608434,19.11,19.00
609431,19.04,10.53
610428,19.04,10.53
611426,19.01,2.06
612423,19.04,2.06
613420,19.08,19.00
614417,19.04,19.00
615414,19.04,10.53
616412,19.08,10.53
617409,19.08,19.00
618406,19.08,19.00
619404,18.84,0.00
620400,19.04,0.00
621398,19.01,2.06
622395,18.97,2.06
623392,18.97,0.00
624390,19.04,0.00
625386,19.04,10.53
626383,19.04,10.53
627381,19.04,10.53
628378,18.94,10.53
629376,18.91,0.00
630372,18.97,0.00
631369,18.97,0.00
632367,18.97,0.00
633364,18.97,0.00
634361,19.01,0.00
635358,19.01,2.06
636355,18.97,2.06
637352,19.04,10.53
638350,18.94,10.53
639347,18.97,0.00
640345,18.97,0.00
641341,19.01,2.06
642338,19.08,2.06
643336,19.04,10.53
644333,19.04,10.53
645330,19.04,10.53
646327,18.97,10.53
647324,19.04,10.53
648322,19.01,10.53
649319,19.01,2.06
650316,19.01,2.06
651314,19.01,2.06
652310,19.01,2.06
653307,19.01,2.06
654305,19.08,2.06
655302,19.04,10.53
656300,19.04,10.53
657297,19.01,2.06
658293,19.04,2.06
659291,19.01,2.06
660288,19.04,2.06
661285,19.01,2.06
662282,19.24,2.06
663279,19.35,86.48
664276,19.41,86.48
665274,19.55,137.18
666271,19.58,137.18
667269,19.68,170.94
668266,19.65,170.94
669263,19.48,120.24
670261,19.75,120.24
671257,19.78,196.24
672254,19.72,196.24
673252,19.78,196.24
674249,19.82,196.24
675247,19.78,196.24
676244,19.82,196.24
677241,19.65,162.47
678239,19.82,162.47
679236,20.02,255.00
680233,19.78,255.00
681231,19.78,196.24
682227,19.82,196.24
683225,19.75,187.82
684222,19.78,187.82
685219,19.75,187.82
686217,19.65,187.82
687214,19.62,154.01
688211,19.58,154.01
689209,19.65,162.47
690206,19.58,162.47
691204,19.51,128.71
692200,19.48,128.71
693197,19.38,94.94
694195,19.38,94.94
695192,19.41,103.36
696189,19.35,103.36
697187,19.38,94.94
698184,19.28,94.94
699182,19.31,78.06
700178,19.24,78.06
701175,19.18,44.30
702173,19.21,44.30
703170,19.18,44.30
704167,19.08,44.30
705165,19.01,2.06
706162,19.04,2.06
707159,19.01,2.06
708156,19.01,2.06
709153,18.97,0.00
710151,18.91,0.00
711148,18.91,0.00
712144,18.94,0.00
713142,18.94,0.00
714139,18.97,0.00
715137,18.97,0.00
716133,18.94,0.00
717130,18.97,0.00
718128,18.94,0.00
719125,18.94,0.00
720122,18.94,0.00
721119,18.94,0.00
722116,18.94,0.00
723113,18.91,0.00
724111,18.97,0.00
725108,18.97,0.00
726105,19.04,0.00
727102,19.04,10.53
728099,19.08,10.53
729097,19.11,27.41
730094,19.18,27.41
731091,19.04,10.53
732088,19.11,10.53
733085,19.11,27.41
734083,19.11,27.41
735080,19.14,35.83
736077,19.18,35.83
737075,19.21,52.71
738072,19.24,52.71
739068,19.21,52.71
740066,19.31,52.71
741063,19.28,69.59
742061,19.24,69.59
743058,19.31,78.06
744055,19.28,78.06
745053,19.31,78.06
746049,19.31,78.06
747046,19.35,86.48
748044,19.28,86.48
749041,19.38,94.94
750039,19.31,94.94
751036,19.38,94.94
752033,19.35,94.94
753030,19.41,103.36
754027,19.35,103.36
755024,19.38,94.94
756022,19.38,94.94
757019,19.41,103.36
758017,19.31,103.36
759014,19.35,86.48
760011,19.48,86.48
761009,19.38,94.94
762005,19.28,94.94
763002,19.35,86.48
764000,19.24,86.48
764997,19.31,78.06
765995,19.28,78.06
766992,19.24,61.18
767988,19.24,61.18
768986,19.21,52.71
769983,19.18,52.71
770980,19.24,61.18
771978,19.21,61.18
772975,19.18,44.30
773972,19.18,44.30
774970,19.14,35.83
775966,19.21,35.83
776964,19.14,35.83
777961,19.11,35.83
778958,19.11,27.41
779956,19.11,27.41
780953,19.08,19.00
781950,19.04,19.00
782947,19.01,2.06
783944,19.08,2.06
784942,19.08,19.00
785939,19.04,19.00
786936,19.08,19.00
787933,19.08,19.00
788930,19.01,2.06
789927,19.01,2.06
790925,19.01,2.06
791922,19.08,2.06
792920,19.11,27.41
793916,19.11,27.41
794913,19.04,10.53
795911,19.04,10.53
796908,19.08,19.00
797905,19.11,19.00
798903,19.08,19.00
799900,19.14,19.00
800897,19.18,44.30
801894,19.18,44.30
802891,19.11,27.41
803889,19.18,27.41
804886,19.24,61.18
805883,19.18,61.18
806881,19.24,61.18
807877,19.21,61.18
808875,19.28,69.59
809872,19.31,69.59
810869,19.21,52.71
811867,19.35,52.71
812864,19.24,61.18
813861,19.35,61.18
814858,19.55,137.18
815855,19.28,137.18
816852,19.31,78.06
817850,19.35,78.06
818847,19.38,94.94
819845,19.35,94.94
820842,19.31,78.06
821838,19.41,78.06
822836,19.38,94.94
823833,19.35,94.94
824830,19.31,78.06
825828,19.31,78.06
826825,19.35,86.48
827823,19.45,86.48
828820,19.45,111.83
829816,19.45,111.83
830814,19.38,94.94
831811,19.31,94.94
832808,19.28,69.59
833806,19.21,69.59
834803,19.35,86.48
835801,19.28,86.48
836797,19.21,52.71
837794,19.24,52.71
838792,19.24,61.18
839789,19.24,61.18
840786,19.14,35.83
841784,19.04,35.83
842781,19.11,27.41
843778,19.18,27.41
844775,19.14,35.83
845772,19.11,35.83
846770,19.18,44.30
847767,19.11,44.30
848764,19.14,35.83
849762,18.91,35.83
850759,19.08,19.00
851756,19.04,19.00
852753,19.08,19.00
853750,19.08,19.00
854748,19.11,27.41
855745,19.08,27.41
856742,19.11,27.41
857739,19.08,27.41
858736,19.08,19.00
859734,19.04,19.00
860731,19.08,19.00
861728,19.04,19.00
862726,19.11,27.41
863723,19.01,27.41
864719,19.14,35.83
865717,19.08,35.83
866714,19.14,35.83
867712,19.08,35.83
868709,19.08,19.00
869706,18.94,19.00
870704,19.14,35.83
871700,19.14,35.83
872697,19.38,94.94
873695,19.14,94.94
874692,19.11,27.41
875689,19.21,27.41
876687,19.18,44.30
877684,19.11,44.30
878681,19.24,61.18
879678,19.35,61.18
880675,19.21,52.71
881673,19.21,52.71
882670,19.21,52.71
883667,19.24,52.71
884665,19.04,10.53
885661,19.21,10.53
886659,19.28,69.59
887656,19.28,69.59
888653,19.21,52.71
889651,19.55,52.71
890648,19.31,78.06
891645,19.24,78.06
892642,19.28,69.59
893639,19.28,69.59
894637,19.24,61.18
895634,19.21,61.18
896631,19.38,94.94
897629,19.21,94.94
898626,19.24,61.18
899622,19.24,61.18
900620,19.28,69.59
901617,19.21,69.59
902615,19.21,52.71
903612,19.28,52.71
904609,19.18,44.30
905607,19.21,44.30
906603,19.14,35.83
907600,19.18,35.83
908598,19.24,61.18
909595,19.18,61.18
910593,19.18,44.30
911590,19.21,44.30
912587,19.24,61.18
913584,19.21,61.18
914581,19.18,44.30
915578,19.21,44.30
916576,19.28,69.59
917573,19.18,69.59
918571,19.21,52.71
919568,19.14,52.71
920564,19.35,86.48
921562,19.18,86.48
922559,19.18,44.30
923556,19.21,44.30
924554,19.14,35.83
925551,19.21,35.83
926548,19.18,44.30
927545,19.18,44.30
928542,19.14,35.83
929540,19.11,35.83
930537,19.04,10.53
931534,19.21,10.53
932532,19.18,44.30
933529,19.18,44.30
934525,19.14,35.83
935523,19.21,35.83
936520,19.14,35.83
937518,19.14,35.83
938515,19.11,27.41
939512,19.18,27.41
940510,19.11,27.41
941506,19.18,27.41
942503,19.14,35.83
943501,19.28,35.83
944498,19.11,27.41
945496,19.08,27.41
946493,19.21,52.71
947490,19.18,52.71
948488,19.11,27.41
949484,19.18,27.41
950481,19.21,52.71
951479,19.18,52.71
952476,19.18,44.30
953474,19.24,44.30
954471,19.21,52.71
955468,19.21,52.71
956465,19.28,69.59
957462,19.21,69.59
958459,19.18,44.30
959457,19.28,44.30
960454,19.31,78.06
961452,19.28,78.06
962449,19.04,10.53
963445,18.91,10.53
964443,18.81,0.00
965440,18.77,0.00
966437,18.67,0.00
967435,18.70,0.00
968431,18.60,0.00
969428,18.64,0.00
970426,18.57,0.00
971423,18.50,0.00
972421,18.54,0.00
973417,18.47,0.00
974414,18.50,0.00
975412,18.40,0.00
976409,18.43,0.00
977405,18.33,0.00
978403,18.43,0.00
979400,18.30,0.00
980398,18.37,0.00
981394,18.37,0.00
982391,18.27,0.00
983389,18.37,0.00
984386,18.30,0.00
985383,18.27,0.00
986380,18.33,0.00
987377,18.33,0.00
988375,18.33,0.00
989372,18.30,0.00
990369,18.27,0.00
991366,18.30,0.00
992363,18.33,0.00
993360,18.33,0.00
994358,18.27,0.00
995354,18.30,0.00
996352,18.30,0.00
997349,18.33,0.00
998346,18.37,0.00
999344,18.37,0.00
1000340,18.27,0.00
1001337,18.30,0.00
1002335,18.37,0.00
1003332,18.37,0.00
1004329,18.37,0.00
1005326,18.33,0.00
1006323,18.37,0.00
1007321,18.37,0.00
1008318,18.43,0.00
1009315,18.40,0.00
1010313,18.43,0.00
1011309,18.37,0.00
1012306,18.37,0.00
1013304,18.37,0.00
1014301,18.40,0.00
1015299,18.43,0.00
1016296,18.43,0.00
1017292,18.47,0.00
1018290,18.40,0.00
1019287,18.40,0.00
1020284,18.43,0.00
1021282,18.43,0.00
1022279,18.43,0.00
1023276,18.43,0.00
1024273,18.43,0.00
1025270,18.43,0.00
1026268,18.50,0.00
1027265,18.50,0.00
1028261,18.50,0.00
1029259,18.50,0.00
1030256,18.50,0.00
1031254,18.50,0.00
1032251,18.50,0.00
1033248,18.50,0.00
1034245,18.50,0.00
1035242,18.50,0.00
1036239,18.50,0.00
1037237,18.50,0.00
1038234,18.50,0.00
1039230,18.54,0.00
1040228,18.60,0.00
1041225,18.60,0.00
1042223,18.57,0.00
1043220,18.57,0.00
1044217,18.60,0.00
1045214,18.57,0.00
1046211,18.57,0.00
1047208,18.60,0.00
1048206,18.60,0.00
1049203,18.64,0.00
1050201,18.64,0.00
1051197,18.67,0.00
1052194,18.64,0.00
1053192,18.67,0.00
1054189,18.64,0.00
1055186,18.67,0.00
1056184,18.60,0.00
1057180,18.57,0.00
1058178,18.60,0.00
1059175,18.64,0.00
1060172,18.60,0.00
1061170,18.64,0.00
1062166,18.64,0.00
1063163,18.67,0.00
1064161,18.67,0.00
1065158,18.67,0.00
1066156,18.67,0.00
1067153,18.70,0.00
1068149,18.70,0.00
1069147,18.74,0.00
1070144,18.74,0.00
1071141,18.77,0.00
1072139,18.77,0.00
1073135,18.77,0.00
1074132,18.74,0.00
1075130,18.74,0.00
1076127,18.74,0.00
1077125,18.70,0.00
1078122,18.74,0.00
1079118,18.77,0.00
1080116,18.77,0.00
1081113,18.77,0.00
1082110,18.74,0.00
1083108,18.77,0.00
1084105,18.77,0.00
1085102,18.81,0.00
1086099,18.77,0.00
1087096,18.77,0.00
1088094,18.77,0.00
1089091,18.77,0.00
1090088,18.81,0.00
1091085,18.84,0.00
1092082,18.84,0.00
1093080,18.87,0.00
1094077,18.84,0.00
1095074,18.84,0.00
1096072,18.81,0.00
1097068,18.84,0.00
1098065,18.87,0.00
1099063,18.84,0.00
1100060,18.84,0.00
1101058,18.81,0.00
1102055,18.84,0.00
1103051,18.87,0.00
1104049,18.81,0.00
1105046,18.84,0.00
1106043,18.84,0.00
1107041,18.87,0.00
1108037,18.91,0.00
1109035,18.91,0.00
1110032,18.91,0.00
1111029,18.87,0.00
1112027,18.91,0.00
1113024,18.91,0.00
1114020,18.91,0.00
1115018,18.91,0.00
1116015,18.91,0.00
1117012,18.91,0.00
1118010,18.87,0.00
1119007,18.91,0.00
1120004,18.91,0.00
1121001,18.97,0.00
1121998,18.94,0.00
1122996,18.97,0.00
1123993,18.97,0.00
1124990,19.01,0.00
1125987,19.01,2.06
1126984,18.94,2.06
1127982,18.91,0.00
1128979,18.94,0.00
1129976,18.97,0.00
1130974,18.97,0.00
1131970,18.97,0.00
1132967,19.01,0.00
1133965,19.01,2.06
1134962,19.01,2.06
1135960,19.04,10.53
1136957,19.04,10.53
1137954,19.08,19.00
1138951,19.04,19.00
1139948,19.08,19.00
1140945,19.18,19.00
1141943,19.01,2.06
1142940,19.01,2.06
1143938,19.01,2.06
1144935,19.04,2.06
1145932,19.04,10.53
1146929,19.18,10.53
1147926,19.08,19.00
1148923,19.08,19.00
1149921,19.04,10.53
1150918,19.08,10.53
1151916,19.08,19.00
1152913,19.08,19.00
1153910,19.04,10.53
1154908,19.08,10.53
1155904,19.24,61.18
1156901,19.01,61.18
1157899,19.04,10.53
1158896,19.08,10.53
1159894,19.08,19.00
1160891,18.91,19.00
1161888,19.08,19.00
1162886,19.08,19.00
1163883,19.04,10.53
1164880,19.04,10.53
1165877,19.04,10.53
1166874,19.08,10.53
1167872,19.04,10.53
1168869,19.08,10.53
1169866,19.04,10.53
1170864,19.04,10.53
1171861,19.04,10.53
1172858,19.01,10.53
1173856,18.94,0.00
1174852,19.01,0.00
1175849,19.04,10.53
1176847,19.01,10.53
1177844,19.01,2.06
1178842,19.01,2.06
1179839,18.97,0.00
1180836,19.01,0.00
1181833,19.01,2.06
1182830,19.01,2.06
1183827,18.97,0.00
1184825,18.97,0.00
1185822,18.94,0.00
1186820,18.91,0.00
1187816,18.97,0.00
1188813,18.94,0.00
1189811,18.94,0.00
1190808,18.94,0.00
1191805,18.94,0.00
1192803,18.97,0.00
1193799,18.97,0.00
1194797,18.97,0.00
1195794,19.01,2.06
1196791,19.04,2.06
1197789,18.94,0.00
1198786,19.01,0.00
1199782,19.01,2.06
1200780,19.08,2.06
1201777,19.04,10.53
1202775,18.97,10.53
1203772,18.97,0.00
1204769,18.97,0.00
1205767,19.01,2.06
1206763,19.01,2.06
1207760,18.97,0.00
1208758,19.01,0.00
1209755,18.97,0.00
1210753,19.01,0.00
1211750,19.01,2.06
1212746,18.97,2.06
1213744,18.97,0.00
1214741,19.01,0.00
1215738,19.04,10.53
1216736,18.91,10.53
1217733,19.08,19.00
1218731,19.08,19.00
1219728,19.11,27.41
1220724,19.01,27.41
1221722,19.04,10.53
1222719,19.04,10.53
1223716,19.08,19.00
1224714,19.08,19.00
1225711,19.08,19.00
1226708,19.01,19.00
1227706,19.04,10.53
1228703,19.04,10.53
1229701,19.08,19.00
1230697,19.08,19.00
1231694,19.04,10.53
1232692,19.04,10.53
1233689,19.11,27.41
1234686,19.08,27.41
1235684,18.94,0.00
1236681,19.04,0.00
1237679,19.08,19.00
1238675,19.28,19.00
1239672,19.04,10.53
1240670,19.01,10.53
1241667,19.04,10.53
1242664,19.08,10.53
1243662,19.08,19.00
1244659,19.04,19.00
1245657,19.04,10.53
1246654,18.91,10.53
1247650,19.08,19.00
1248648,18.97,19.00